48.92760502250428 48.92760502250428 48.92760502250428 48.92760502250428 45.54951344313595 48.38075952180803 46.80272250490334 32.73923530001762 49.764842674564754 42.3429299761835 54.555222261389254 29.170448652667943 
33.33839336402516 33.33839336402516 33.33839336402516 33.33839336402516 37.002687542178336 34.8983050417277 27.499645545074603 37.397139847718925 40.99836068644271 32.00454288777346 37.272989963154274 24.970136835422238 
59.76502720694734 59.76502720694734 59.76502720694734 59.76502720694734 47.45089261019953 43.34168296266681 50.70823931691651 51.4883139878081 51.25513398550419 39.04749414395254 50.62506713128913 33.48749180996707 
43.37994282765378 43.37994282765378 43.37994282765378 43.37994282765378 54.37668228856805 45.41300694433887 38.20262960896879 52.37198280899281 51.52242027322839 33.80256220017191 43.37994282765378 29.966712814677845 
45.709204780207905 45.709204780207905 45.709204780207905 45.709204780207905 47.09002260140584 45.03625112733117 50.27327121165837 48.25423531188366 40.345608570704606 33.82945127420269 43.13111510351651 33.82945127420269 
35.61590793025998 35.61590793025998 35.61590793025998 35.61590793025998 49.893373498572586 50.31713146718592 37.896456444278215 40.88092676810268 41.18360523768853 45.771492062592316 47.21570978906643 28.887458195191535 
45.70267173799609 45.70267173799609 45.70267173799609 45.70267173799609 52.32167977265425 59.89176828801841 52.32167977265425 59.89176828801841 40.56256035163981 28.452640533094517 51.219528639770004 28.06830160486006 
62.128327971781275 62.128327971781275 62.128327971781275 62.128327971781275 48.054212561384645 45.56881555131736 48.054212561384645 45.56881555131736 54.798102544263 37.32748682436554 54.798102544263 37.32748682436554 
50.68930143102987 50.68930143102987 50.68930143102987 50.68930143102987 35.7539351097782 40.67365871470596 35.7539351097782 40.67365871470596 48.52435371348406 32.25677417852323 48.52435371348406 32.25677417852323 
46.52078248343901 46.52078248343901 46.52078248343901 46.52078248343901 58.11305294561119 50.63478163144451 58.11305294561119 50.63478163144451 55.101774978220796 36.370277693835774 55.101774978220796 36.370277693835774 
51.50775509297502 51.50775509297502 51.50775509297502 51.50775509297502 61.48466935244531 47.156601045160045 61.48466935244531 47.156601045160045 46.730878032188045 29.869501551581315 46.730878032188045 29.869501551581315 
54.44151463270064 54.44151463270064 54.44151463270064 54.44151463270064 52.31037919480217 61.62281256757639 49.05325298414414 57.66727323405874 54.55882823857997 31.83287269850758 66.20190500340587 31.83287269850758 
39.41962285455157 39.41962285455157 39.41962285455157 39.41962285455157 53.923332768683714 32.38149221216477 53.923332768683714 32.38149221216477 48.96555131694954 31.969082484301303 48.96555131694954 31.969082484301303 
44.83763205605154 44.83763205605154 44.83763205605154 44.83763205605154 38.42428463931836 41.77044335029508 38.42428463931836 41.77044335029508 38.174049586289854 36.75672152556641 38.174049586289854 36.75672152556641 
48.91626887561093 48.91626887561093 48.91626887561093 48.91626887561093 39.06602791548205 38.10162322461984 39.06602791548205 38.10162322461984 49.64448617430231 35.60949939615671 49.64448617430231 35.60949939615671 
56.79620371228337 56.79620371228337 56.79620371228337 56.79620371228337 58.962472295353386 50.21133803606118 58.962472295353386 50.21133803606118 57.3176873604625 44.10455811500448 57.3176873604625 44.10455811500448 
35.984925966474805 35.984925966474805 35.984925966474805 35.984925966474805 29.348752696052337 45.90331530954328 29.348752696052337 45.90331530954328 38.16709403686566 27.27156021749312 38.16709403686566 27.27156021749312 
45.421774919823456 45.421774919823456 45.421774919823456 45.421774919823456 38.134989203291234 58.09130630601949 38.134989203291234 58.09130630601949 42.80920190972722 30.626421369100925 42.80920190972722 30.626421369100925 
38.909015017086496 38.909015017086496 38.909015017086496 38.909015017086496 29.186030639373097 46.11815851397526 29.186030639373097 46.11815851397526 38.909015017086496 29.81498848005956 38.909015017086496 29.81498848005956 
37.65786369415809 37.65786369415809 37.65786369415809 37.65786369415809 46.30900253452826 39.47345030160876 46.30900253452826 39.47345030160876 51.8263638827403 30.173226929800645 51.8263638827403 30.173226929800645 
42.90679263272931 42.90679263272931 42.90679263272931 42.90679263272931 46.78811143186 49.27133979048245 46.78811143186 49.27133979048245 43.41407484110248 30.460627675877245 43.41407484110248 30.460627675877245 
58.945996881916464 58.945996881916464 58.945996881916464 58.945996881916464 62.389242201691324 63.160752269304744 62.389242201691324 63.160752269304744 61.4075941338124 42.78263514736001 61.4075941338124 42.78263514736001 
55.82592421881994 55.82592421881994 55.82592421881994 55.82592421881994 54.594688029948124 44.70046088988404 54.594688029948124 44.70046088988404 53.78743442330406 30.12282356779393 53.78743442330406 30.12282356779393 
42.49686499079204 42.49686499079204 42.49686499079204 42.49686499079204 46.39260290313398 43.477269091306866 46.39260290313398 43.477269091306866 47.68452734129574 26.44179960381023 47.68452734129574 26.44179960381023 
65.79866956795784 65.79866956795784 65.79866956795784 65.79866956795784 59.231420736716885 76.37885895830091 59.231420736716885 76.37885895830091 69.31790229378278 29.74317333958586 69.31790229378278 29.74317333958586 
43.49039101222955 43.49039101222955 43.49039101222955 43.49039101222955 34.9721566443442 41.317239288471484 34.9721566443442 41.317239288471484 37.33677552638606 29.4156379057507 37.33677552638606 29.4156379057507 
37.33022252174269 37.33022252174269 37.33022252174269 37.33022252174269 27.663864629508748 34.884392521756716 27.663864629508748 34.884392521756716 37.33022252174269 28.71151980870976 37.33022252174269 28.71151980870976 
56.81307767613248 56.81307767613248 56.81307767613248 56.81307767613248 54.0779133737374 62.88302262008621 54.0779133737374 62.88302262008621 56.98823380305495 26.44062113987098 56.98823380305495 26.44062113987098 
39.80032755249933 39.80032755249933 39.80032755249933 39.80032755249933 48.23881135729411 47.358099369314544 48.23881135729411 47.358099369314544 48.0524991585373 31.66213292652772 48.0524991585373 31.66213292652772 
36.17995693827367 36.17995693827367 36.17995693827367 36.17995693827367 42.199176901462934 53.76395909368267 42.199176901462934 53.76395909368267 37.596764827553365 24.554710240513582 37.596764827553365 24.554710240513582 
56.21668971604298 56.21668971604298 56.21668971604298 56.21668971604298 25.895998261778388 42.29496715386289 25.895998261778388 42.29496715386289 56.21668971604298 28.603916535427768 56.21668971604298 28.603916535427768 
32.65490947790025 32.65490947790025 32.65490947790025 32.65490947790025 32.55753756713766 36.48210971289579 32.55753756713766 36.48210971289579 39.11688431786138 18.34261253915815 39.11688431786138 18.34261253915815 
52.36057280559231 52.36057280559231 52.36057280559231 52.36057280559231 40.91294884756401 56.639064079436885 40.91294884756401 56.639064079436885 46.276525858763044 34.782728521150524 46.276525858763044 34.782728521150524 
55.37805826331852 55.37805826331852 55.37805826331852 55.37805826331852 65.81311129944913 65.48664418255814 65.81311129944913 65.48664418255814 42.91997510264913 29.98501863415037 42.91997510264913 29.98501863415037 
33.048234555316256 33.048234555316256 33.048234555316256 33.048234555316256 35.46425482849126 43.148530650777 35.46425482849126 43.148530650777 40.303336307153515 33.708500771634405 40.303336307153515 33.708500771634405 
36.593508630445484 36.593508630445484 36.593508630445484 36.593508630445484 46.54904018741937 52.56122329215083 46.54904018741937 52.56122329215083 38.89214736006297 34.57292410655319 38.89214736006297 34.57292410655319 
45.34875517460298 45.34875517460298 45.34875517460298 45.34875517460298 45.10321665644381 31.344273635557187 45.10321665644381 31.344273635557187 38.17251277298485 30.834879139243007 38.17251277298485 30.834879139243007 
39.88536828094456 39.88536828094456 39.88536828094456 39.88536828094456 25.97159261846311 47.16972793353466 25.97159261846311 47.16972793353466 39.88536828094456 32.14728173945505 39.88536828094456 32.14728173945505 
43.64735694805246 43.64735694805246 43.64735694805246 43.64735694805246 44.08408571665019 35.39059966932216 44.08408571665019 35.39059966932216 37.88470249911438 27.137573130830155 37.88470249911438 27.137573130830155 
42.33517036452164 42.33517036452164 42.33517036452164 42.33517036452164 37.92796664777227 37.94432932733675 37.92796664777227 37.94432932733675 41.85526579694204 32.28331899929593 41.85526579694204 32.28331899929593 
45.21922066106505 45.21922066106505 45.21922066106505 45.21922066106505 31.093033355518333 38.29524700039931 31.093033355518333 38.29524700039931 38.437032383624285 27.38953484705841 38.437032383624285 27.38953484705841 
63.351697955992954 63.351697955992954 63.351697955992954 63.351697955992954 54.09041680135244 61.642493425984604 54.09041680135244 61.642493425984604 46.171653498731864 44.421700624708265 46.171653498731864 44.421700624708265 
53.67927763067448 53.67927763067448 53.67927763067448 53.67927763067448 47.60637446968604 57.284361743360286 47.60637446968604 57.284361743360286 45.139467385202316 38.673154125546276 45.139467385202316 38.673154125546276 
43.8948350899897 43.8948350899897 43.8948350899897 43.8948350899897 44.190385141653834 38.93429134836681 44.190385141653834 38.93429134836681 40.14869986919624 29.225353660397932 40.14869986919624 29.225353660397932 
37.08535017878046 37.08535017878046 37.08535017878046 37.08535017878046 47.55526770735716 39.56227660458613 47.55526770735716 39.56227660458613 43.94168151677755 34.14780678553661 43.94168151677755 34.14780678553661 
38.00984347043222 38.00984347043222 38.00984347043222 38.00984347043222 28.397172991876506 34.13326497835205 28.397172991876506 34.13326497835205 39.94366180050838 26.746931353795514 39.94366180050838 26.746931353795514 
37.850027352926475 37.850027352926475 37.850027352926475 37.850027352926475 21.88215143708291 45.8643080295944 21.88215143708291 45.8643080295944 37.850027352926475 34.873218926443435 37.850027352926475 34.873218926443435 
48.68991205507473 48.68991205507473 48.68991205507473 48.68991205507473 41.10995018007348 42.66615232782871 41.10995018007348 42.66615232782871 47.63117188981402 34.15329796804304 47.63117188981402 34.15329796804304 
32.5046870630948 32.5046870630948 32.5046870630948 32.5046870630948 24.149445179756633 24.149445179756633 24.149445179756633 24.149445179756633 39.00131245602033 33.83199129839881 45.08595321277622 34.633897638089465 
29.120455708294244 29.120455708294244 29.120455708294244 29.120455708294244 25.430071161883724 25.430071161883724 25.430071161883724 25.430071161883724 48.829343209101204 32.51459547741325 48.11113326610374 32.249672867490965 
28.839192275907653 28.839192275907653 28.839192275907653 28.839192275907653 27.138816724999156 25.647178727804494 27.138816724999156 25.647178727804494 28.839192275907653 28.659911355641484 28.839192275907653 28.659911355641484 
21.7942727084208 21.7942727084208 21.7942727084208 21.7942727084208 21.53737665586024 21.46105041545897 21.53737665586024 21.46105041545897 21.7942727084208 21.7942727084208 21.7942727084208 21.7942727084208 
27.954265944770658 27.954265944770658 27.954265944770658 27.954265944770658 20.66748472915502 20.66748472915502 26.12921471680423 23.32013530539603 21.722833047458447 21.722833047458447 21.722833047458447 21.722833047458447 
20.632820211279878 20.632820211279878 20.632820211279878 20.632820211279878 22.440093071028123 20.702715393551227 22.440093071028123 20.702715393551227 20.632820211279878 20.632820211279878 20.632820211279878 20.632820211279878 
30.249682508838074 30.249682508838074 30.249682508838074 30.249682508838074 28.378856403643308 28.088294061952702 28.378856403643308 28.088294061952702 34.51087735556059 29.297046671720977 34.51087735556059 29.297046671720977 
32.64154934620397 32.64154934620397 32.64154934620397 32.64154934620397 28.03426752020562 28.03426752020562 28.03426752020562 28.03426752020562 32.64154934620397 32.39549119728726 31.886733703267684 30.51992888110301 
38.438423910893796 38.438423910893796 38.438423910893796 38.438423910893796 32.68157210740667 32.68157210740667 32.68157210740667 32.68157210740667 38.438423910893796 38.438423910893796 37.00262189734004 37.00262189734004 
33.06022444047089 33.06022444047089 33.06022444047089 33.06022444047089 29.00013498816052 29.00013498816052 29.00013498816052 29.00013498816052 33.06022444047089 33.06022444047089 33.06022444047089 33.06022444047089 
30.346647032801048 30.346647032801048 30.346647032801048 30.346647032801048 29.30167345675375 28.359804196436063 36.3352874235501 27.20566643145933 30.346647032801048 29.691625872727915 30.346647032801048 29.691625872727915 
27.004137466500044 27.004137466500044 27.004137466500044 27.004137466500044 20.290637823451295 20.290637823451295 20.290637823451295 20.290637823451295 27.004137466500044 26.874955602111353 27.004137466500044 26.874955602111353 
26.809649653892006 26.809649653892006 26.809649653892006 26.809649653892006 31.528336707046513 30.12459467190557 31.528336707046513 30.12459467190557 26.809649653892006 26.809649653892006 26.809649653892006 26.809649653892006 
26.669347393246326 26.669347393246326 26.669347393246326 26.669347393246326 23.76795743729695 23.34578486104359 23.76795743729695 23.34578486104359 38.406119998392604 26.669347393246326 38.406119998392604 26.669347393246326 
29.815571765452187 29.815571765452187 29.815571765452187 29.815571765452187 23.3935121246223 23.3935121246223 23.3935121246223 23.3935121246223 29.815571765452187 29.815571765452187 32.03616727157557 31.094003409585834 
28.8995538757044 28.8995538757044 28.8995538757044 28.8995538757044 26.889541799734996 26.889541799734996 26.889541799734996 26.889541799734996 28.8995538757044 28.8995538757044 28.8995538757044 28.8995538757044 
25.718498453982612 25.718498453982612 25.718498453982612 25.718498453982612 20.15693274271235 20.15693274271235 20.15693274271235 20.15693274271235 25.718498453982612 23.269757715970073 25.718498453982612 23.269757715970073 
37.731972691158695 37.731972691158695 37.731972691158695 37.731972691158695 37.38677244683258 34.7939124897563 37.38677244683258 34.7939124897563 43.35994989281903 37.731972691158695 43.35994989281903 37.731972691158695 
29.869013940619112 29.869013940619112 29.869013940619112 29.869013940619112 18.78210809366302 18.78210809366302 18.78210809366302 18.78210809366302 39.93328840594036 26.495980467301408 39.93328840594036 26.495980467301408 
28.5576400625656 28.5576400625656 28.5576400625656 28.5576400625656 27.621010847355883 27.621010847355883 27.621010847355883 27.621010847355883 34.63700449438319 28.701295503415217 34.63700449438319 28.701295503415217 
48.590976060411236 48.590976060411236 48.590976060411236 48.590976060411236 41.14087766955924 39.549944665518474 42.25710132982018 40.73105188873219 63.88999628942314 47.05916226863688 63.88999628942314 47.05916226863688 
39.80023371324276 39.80023371324276 39.80023371324276 39.80023371324276 33.36218158266736 32.701480486372795 44.2239648936112 35.63271673555979 81.5115778066599 41.19873340732077 83.10604386348002 40.3060569743942 
37.70933280558457 37.70933280558457 37.70933280558457 37.70933280558457 35.252898877539636 34.5471224788111 35.252898877539636 34.5471224788111 59.913724836436664 43.092583339802495 59.913724836436664 43.092583339802495 
52.72289080045562 52.72289080045562 52.72289080045562 52.72289080045562 36.64960597906558 35.51505210566896 36.64960597906558 35.51505210566896 114.38369446601455 50.02044132104135 94.80159807777247 54.44696400489051 
44.58690294438031 44.58690294438031 44.58690294438031 44.58690294438031 34.56273581647818 33.94697449349158 34.56273581647818 33.94697449349158 59.292545062792676 50.57615493084145 71.02547619849727 47.06857268455224 
48.58047381508856 48.58047381508856 48.58047381508856 48.58047381508856 39.72483195184443 38.368389282817844 39.72483195184443 38.368389282817844 50.96953951470968 45.67899682580472 50.96953951470968 45.67899682580472 
54.93951151457453 54.93951151457453 54.93951151457453 54.93951151457453 40.023715473749185 39.42002322483936 40.023715473749185 39.42002322483936 64.40516839898554 52.413906083713144 70.49940281856897 53.924034528116316 
49.50372368045823 49.50372368045823 49.50372368045823 49.50372368045823 38.181412205986156 37.02295442869823 38.181412205986156 37.02295442869823 85.52355464940513 52.40294615753999 84.86485260694897 51.97358198293718 
45.64933084790933 45.64933084790933 45.64933084790933 45.64933084790933 44.894365674730395 43.55922248396228 44.894365674730395 43.55922248396228 53.211925859903374 39.58199909995254 53.211925859903374 39.58199909995254 
44.80720359787544 44.80720359787544 44.80720359787544 44.80720359787544 32.86995197801902 32.39862191222683 32.86995197801902 32.39862191222683 80.50077490678066 49.052062367178884 80.50077490678066 49.052062367178884 
44.281682699001564 44.281682699001564 44.281682699001564 44.281682699001564 38.47472246926767 38.34960289935913 38.47472246926767 38.34960289935913 66.98583865795926 50.69367976233173 66.98583865795926 50.69367976233173 
39.79565573833675 39.79565573833675 39.79565573833675 39.79565573833675 36.34218592066227 36.34218592066227 36.34218592066227 36.34218592066227 57.10437095447739 40.024476454371495 57.10437095447739 40.024476454371495 
43.26620249917816 43.26620249917816 43.26620249917816 43.26620249917816 40.26226060980996 38.88694724285945 40.26226060980996 38.88694724285945 103.13673533761204 49.787545196203794 108.11378067642204 43.74894138224688 
54.76905535591464 54.76905535591464 54.76905535591464 54.76905535591464 38.61419892112813 38.532219127183296 38.61419892112813 38.532219127183296 83.95866189955326 52.657460325648024 82.55279018751772 62.96888604382066 
47.8901719614963 47.8901719614963 47.8901719614963 47.8901719614963 42.435259900681324 42.39939959402105 42.435259900681324 42.39939959402105 101.27274298868302 40.10241315843217 106.86858188590173 51.72662982484732 
43.96932934322497 43.96932934322497 43.96932934322497 43.96932934322497 39.35066750121446 39.35066750121446 39.35066750121446 39.35066750121446 51.938195530188956 43.96932934322497 51.938195530188956 43.96932934322497 
46.00604047764121 46.00604047764121 46.00604047764121 46.00604047764121 42.84638517736457 42.098899245057844 49.9978476569261 48.1572596043313 54.6665871265848 42.762072393643365 68.10370763132859 52.70202104616193 
49.583428827044564 49.583428827044564 49.583428827044564 49.583428827044564 37.6802406076081 37.6802406076081 37.6802406076081 37.6802406076081 58.88242602978323 45.74037936637861 59.544292932733825 53.42115909736983  4
41.955940754528974 41.955940754528974 41.955940754528974 41.955940754528974 39.03527528086111 37.97003322179759 56.493817319398374 41.30194080857355 68.43629589001878 43.95169067713023 68.43629589001878 43.95169067713023  5
50.72677773322544 50.72677773322544 50.72677773322544 50.72677773322544 44.58591664482092 43.2475800257108 47.978749091312736 46.83827939526573 50.800709638013345 48.00895962470551 54.54376877596971 48.71131505859004  5
52.14249408201328 52.14249408201328 52.14249408201328 52.14249408201328 42.83592433392065 41.79625074630615 42.83592433392065 41.79625074630615 80.81192039277417 53.44138834084116 76.10038603447323 50.24290752437075  5
52.84032031857946 52.84032031857946 52.84032031857946 52.84032031857946 38.79972476835278 38.79972476835278 38.79972476835278 38.79972476835278 76.25101856451641 52.51025670926677 76.25101856451641 52.51025670926677  4
43.032208168719855 43.032208168719855 43.032208168719855 43.032208168719855 29.32993132167904 29.32993132167904 29.32993132167904 29.32993132167904 75.8593259078265 35.54800455598192 75.8593259078265 35.54800455598192  4
33.29793952735283 33.29793952735283 33.29793952735283 33.29793952735283 29.115658600638497 28.837383287738298 29.115658600638497 28.837383287738298 46.5246896330268 33.13729492462715 49.03987592903025 36.85872159852277  5
46.61484930501916 46.61484930501916 46.61484930501916 46.61484930501916 36.36027156678154 36.36027156678154 36.36027156678154 36.36027156678154 83.34979795194697 55.60959376955925 87.43003384826352 49.20381824049545  4
47.228785943382555 47.228785943382555 47.228785943382555 47.228785943382555 41.17929877382703 40.93069761289179 63.772403404733616 46.88501353767678 66.46326752288036 41.284461062664036 66.46326752288036 41.284461062664036  5
43.13150764954606 43.13150764954606 43.13150764954606 43.13150764954606 39.81352174196868 39.73914049978898 39.81352174196868 39.73914049978898 88.86747482139668 44.63028209639718 88.86747482139668 44.63028209639718  5
53.24657655429536 53.24657655429536 53.24657655429536 53.24657655429536 42.80467249954208 42.69089820735126 42.80467249954208 42.69089820735126 120.63298454145624 52.52412354245169 115.08121894437208 63.73280370894591  5
48.854752443415975 48.854752443415975 48.854752443415975 48.854752443415975 40.62715151767342 40.108933248365375 40.62715151767342 40.108933248365375 110.00814862719072 48.195479890039046 103.53173266737052 57.42617532928055  5
43.76805963887632 43.76805963887632 43.76805963887632 43.76805963887632 30.65240151764914 30.65240151764914 30.65240151764914 30.65240151764914 63.287279237064865 44.96346247458873 67.57363826037243 45.471129551089675  4
53.547353638972396 53.547353638972396 53.547353638972396 53.547353638972396 39.881337237662734 39.881337237662734 39.881337237662734 39.881337237662734 87.01700692688068 50.10080621528713 97.6945129233039 54.30951314246533  4
46.446051404716094 46.446051404716094 46.446051404716094 46.446051404716094 36.46037679584577 33.346125223772006 36.46037679584577 33.346125223772006 42.430161099645815 36.00492979659663 42.430161099645815 36.00492979659663  5
52.169100458100544 52.169100458100544 52.169100458100544 52.169100458100544 43.46138547826822 40.26583335731167 43.46138547826822 40.26583335731167 67.49778298974326 45.13100046914656 67.49778298974326 45.13100046914656  5
42.74339805238445 42.74339805238445 42.74339805238445 42.74339805238445 38.49642451388531 36.41164300875561 38.49642451388531 36.41164300875561 42.74339805238445 39.12635865312208 42.74339805238445 39.12635865312208  5
45.85029407708321 45.85029407708321 45.85029407708321 45.85029407708321 36.23624372990856 36.23624372990856 36.23624372990856 36.23624372990856 55.56431823908956 45.9582825578963 65.27057046032479 48.566914242676525  4
42.50934591550036 42.50934591550036 42.50934591550036 42.50934591550036 45.79066567380071 45.08543777821582 45.79066567380071 45.08543777821582 68.26802006135433 51.169546224474296 70.7025265994749 54.61282735778335  0
44.479983979777636 44.479983979777636 44.479983979777636 44.479983979777636 37.98396259381771 37.270964224035346 37.98396259381771 37.270964224035346 68.15316605398965 42.762536880083864 61.665551381209106 42.6820178960796  5
41.87618438954433 41.87618438954433 41.87618438954433 41.87618438954433 43.25299345827258 43.25299345827258 43.25299345827258 43.25299345827258 56.92528169249984 44.16666636761478 76.73993991012298 47.49176940274766  0
47.903408620145306 47.903408620145306 47.903408620145306 47.903408620145306 41.00890886028157 40.072690340005956 41.00890886028157 40.072690340005956 65.17624564740237 48.88373682703213 62.69037801878941 47.78112465315735  5
37.59011790856497 37.59011790856497 37.59011790856497 37.59011790856497 35.286115812270154 34.43273191581942 35.286115812270154 34.43273191581942 86.305817999615 50.13260274751593 86.305817999615 50.13260274751593  5
50.80605483416309 50.80605483416309 50.80605483416309 50.80605483416309 42.14560222837106 40.98206023344698 42.14560222837106 40.98206023344698 71.06258739652871 46.620248215254044 70.43464567787943 51.4967088129908  5
44.222938020198384 44.222938020198384 44.222938020198384 44.222938020198384 38.84617013322958 38.663015478973584 44.44228684522755 36.65368521153849 81.62521792301956 47.73003072583205 99.19190525137076 55.60629862200272  7
50.78014580709889 50.78014580709889 50.78014580709889 50.78014580709889 35.68693257222457 35.153706295216395 35.68693257222457 35.153706295216395 64.20139456063538 40.30816289371468 67.03869507943513 46.83154295589169  5
48.512324174230635 48.512324174230635 48.512324174230635 48.512324174230635 36.88664480177779 35.01768304259697 36.88664480177779 35.01768304259697 55.95156770845075 49.97050141617345 66.69607722396297 47.33710842767081  5
40.82165574978141 40.82165574978141 40.82165574978141 40.82165574978141 33.711420463837314 33.63659430454888 33.711420463837314 33.63659430454888 52.31824424422063 40.689046258745805 52.31824424422063 40.689046258745805  5
49.831810263663826 49.831810263663826 49.831810263663826 49.831810263663826 35.88385008018916 35.38590480760936 35.88385008018916 35.38590480760936 75.68590320591689 48.33237368550136 81.86132049533292 52.95294146423703  5
51.39359138139262 51.39359138139262 51.39359138139262 51.39359138139262 38.04376146601147 38.04376146601147 38.04376146601147 38.04376146601147 107.42466292757123 53.9167806594764 105.89103476274435 53.20988566843607  4
44.15957146489523 44.15957146489523 44.15957146489523 44.15957146489523 41.027269411896114 39.43112177875536 41.027269411896114 39.43112177875536 46.07213110078604 42.808112964875015 46.07213110078604 42.808112964875015  5
43.63356924107728 43.63356924107728 43.63356924107728 43.63356924107728 44.44859277921103 43.92756227714871 44.44859277921103 43.92756227714871 43.63356924107728 43.63356924107728 43.63356924107728 43.63356924107728  0
53.99810675955962 53.99810675955962 53.99810675955962 53.99810675955962 41.07359144441094 40.868371405568006 48.228122148665435 44.5263023278315 109.59279416567512 48.222080829654715 109.59279416567512 48.222080829654715  5
45.799061178678194 45.799061178678194 45.799061178678194 45.799061178678194 35.70406575775806 35.50564972119531 35.70406575775806 35.50564972119531 65.3958570066006 41.43705970794282 65.3958570066006 41.43705970794282  5
46.21826058242073 46.21826058242073 46.21826058242073 46.21826058242073 41.55722071298665 39.24585632100332 46.765552998479514 39.24585632100332 68.74313037181565 50.679416398141 68.74313037181565 50.679416398141  5
37.86007550192922 37.86007550192922 37.86007550192922 37.86007550192922 36.427943999205155 34.706690411431026 36.427943999205155 34.706690411431026 83.44196636743868 45.40786617568929 63.2157363106411 43.26854496930662  5
48.12895217946453 48.12895217946453 48.12895217946453 48.12895217946453 41.61697458948827 39.92966520544242 41.61697458948827 39.92966520544242 46.899612009246276 44.2687699146841 46.899612009246276 44.2687699146841  5
57.04943321336431 57.04943321336431 57.04943321336431 57.04943321336431 45.714802888115024 45.62135262994816 45.714802888115024 45.62135262994816 85.33421668902422 58.40017641208115 72.38540173807426 57.00862669570752  5
59.00292901273479 59.00292901273479 59.00292901273479 59.00292901273479 34.52619403697787 34.52619403697787 34.52619403697787 34.52619403697787 92.3633471068663 49.43834611423016 74.22100814313602 50.51242212114579  4
49.63467058960912 49.63467058960912 49.63467058960912 49.63467058960912 45.54944632952535 44.23631844745276 45.54944632952535 44.23631844745276 45.526136683041535 42.612521745112744 45.526136683041535 42.612521745112744  9
47.30315816116765 47.30315816116765 47.30315816116765 47.30315816116765 41.9938060994449 40.08731755182487 41.9938060994449 40.08731755182487 67.93949933546143 47.94484453133551 74.61928841901423 51.894413919457705  5
38.834870468690085 38.834870468690085 38.834870468690085 38.834870468690085 33.684419541925614 33.684419541925614 33.684419541925614 33.684419541925614 69.91687567557156 45.49543946426158 66.45871892320515 53.246093715661985  4
50.33916204800039 50.33916204800039 50.33916204800039 50.33916204800039 36.67276944948924 36.67276944948924 36.67276944948924 36.67276944948924 88.85208719525374 46.273133965141 65.17489523367423 46.847820696579774  4
41.89183865595305 41.89183865595305 41.89183865595305 41.89183865595305 35.485693515252464 35.485693515252464 35.485693515252464 35.485693515252464 89.48305302539735 59.21563850734306 86.59257859417579 51.61033207335017  4
50.963853500377446 50.963853500377446 50.963853500377446 50.963853500377446 34.93824679457737 34.93824679457737 34.93824679457737 34.93824679457737 75.40312970887328 56.40609153045489 75.40312970887328 56.40609153045489  4
40.8253352545741 40.8253352545741 40.8253352545741 40.8253352545741 41.037845620874165 38.84769316131815 41.037845620874165 38.84769316131815 49.98823164058198 42.13510455928404 49.98823164058198 42.13510455928404  5
42.64101473302151 42.64101473302151 42.64101473302151 42.64101473302151 35.35876036442077 35.23644843339442 35.35876036442077 35.23644843339442 84.56556680001007 44.049126446868456 84.56556680001007 44.049126446868456  5
45.00167768195515 45.00167768195515 45.00167768195515 45.00167768195515 27.837639720668385 27.837639720668385 27.837639720668385 27.837639720668385 67.43026242912764 45.18983746830595 67.43026242912764 45.18983746830595  4
43.36708664086634 43.36708664086634 43.36708664086634 43.36708664086634 31.227384481951297 31.227384481951297 31.227384481951297 31.227384481951297 55.07456622419872 44.164181405759955 55.07456622419872 44.164181405759955  4
56.80347500903104 56.80347500903104 56.80347500903104 56.80347500903104 43.4915361124019 43.00982031461502 43.4915361124019 43.00982031461502 53.08318495017825 52.09324038631675 53.08318495017825 52.09324038631675  5
49.27949955126351 49.27949955126351 49.27949955126351 49.27949955126351 46.547482162999714 45.749676634983736 46.547482162999714 45.749676634983736 49.27949955126351 48.61254297784708 49.27949955126351 48.61254297784708  5
54.77069423689777 54.77069423689777 54.77069423689777 54.77069423689777 49.4208384847863 48.49753212503062 49.4208384847863 48.49753212503062 72.7723723809073 52.7916399481156 72.7723723809073 52.7916399481156  5
61.26684831758027 61.26684831758027 61.26684831758027 61.26684831758027 47.03461595791833 45.46642905938004 47.03461595791833 45.46642905938004 107.79366036995015 54.350031291442065 102.62345079808652 55.49407917281072  5
57.876735757030126 57.876735757030126 57.876735757030126 57.876735757030126 43.233815222711925 42.8367958846479 43.233815222711925 42.8367958846479 94.39377287777033 51.9314445514821 95.35024149276778 63.134463206083865  5
63.6319713787069 63.6319713787069 63.6319713787069 63.6319713787069 53.659334078038434 49.52716403708716 49.31331977610961 48.20019402362668 100.47861819410102 68.86144320541017 100.47861819410102 68.86144320541017  7
60.529401348514554 60.529401348514554 60.529401348514554 60.529401348514554 49.9715737541171 49.14281730314226 50.67065427126858 49.14281730314226 129.88446929561934 60.72563918518714 104.9342550991165 58.72457193708095  5
57.10303273243607 57.10303273243607 57.10303273243607 57.10303273243607 50.528415052925574 47.10338736012613 50.528415052925574 47.10338736012613 84.54794308997556 60.36553940106746 84.54794308997556 60.36553940106746  5
66.44542692063138 66.44542692063138 66.44542692063138 66.44542692063138 47.97042298040648 45.948977040398546 47.97042298040648 45.948977040398546 139.44730343059024 77.40919613543053 126.37543476323945 66.79131155522356  5
50.0069689758783 50.0069689758783 50.0069689758783 50.0069689758783 45.48262940145763 43.99154351455549 45.48262940145763 43.99154351455549 58.19344749590672 50.013983281827244 59.66146409305812 48.247676198563134  5
63.41222121907521 63.41222121907521 63.41222121907521 63.41222121907521 40.428344327528706 39.849471761995495 40.428344327528706 39.849471761995495 144.21789594302422 65.55000507261606 112.62255789433648 55.646503351609134  5
60.67593143287066 60.67593143287066 60.67593143287066 60.67593143287066 43.28711187557962 43.28711187557962 43.28711187557962 43.28711187557962 103.42884839511382 60.71506936450111 103.42884839511382 60.71506936450111  4
59.262667958495086 59.262667958495086 59.262667958495086 59.262667958495086 47.26035685145181 46.475357336859666 47.26035685145181 46.475357336859666 71.53515041003615 57.0262747148559 71.26582596589981 54.53722085169849  5
65.25554615377541 65.25554615377541 65.25554615377541 65.25554615377541 56.32121395782764 55.52579605533376 56.32121395782764 55.52579605533376 118.52766309155575 78.44302344370885 101.72964599399191 64.53511408342315  5
58.74376605922095 58.74376605922095 58.74376605922095 58.74376605922095 51.245714736713566 50.47155640512843 58.905153419014816 54.904853373360176 105.37273286509256 66.37143016253225 105.48956005718823 69.58818956099815  5
55.56506977338524 55.56506977338524 55.56506977338524 55.56506977338524 55.823153643566116 52.2650649639544 55.12594813568448 52.2650649639544 80.2876272131408 56.570507506300366 80.2876272131408 56.570507506300366  5
67.2643548164338 67.2643548164338 67.2643548164338 67.2643548164338 45.91904728307536 44.80039284497171 45.91904728307536 44.80039284497171 118.63488531238538 70.64066167160611 118.63488531238538 70.64066167160611  5
54.34678149821382 54.34678149821382 54.34678149821382 54.34678149821382 52.789285723143216 51.11922591715882 71.36567129668128 59.55163567736398 54.34678149821382 50.41407599746403 52.08540502579712 50.48236377510529  9
55.085507403493445 55.085507403493445 55.085507403493445 55.085507403493445 48.21551120988923 47.96395433063524 68.94628790147154 55.88851617860103 65.36927869139038 53.99775334309932 59.91828136406986 54.3003146270127  5
49.33843191662625 49.33843191662625 49.33843191662625 49.33843191662625 47.1533421256096 45.32344327119556 44.831627484886965 44.25878319907135 68.81927980287655 54.30391046606615 65.5898517749391 48.902298865905664  7
61.56312180138083 61.56312180138083 61.56312180138083 61.56312180138083 50.601455341862575 47.88574412760872 45.556894275545226 45.25564999607698 97.16920297941468 59.63074299137125 103.83370906177105 67.99933601005925  7
64.74179772780488 64.74179772780488 64.74179772780488 64.74179772780488 45.20634216126771 44.451899536331965 43.090930550187664 42.60531704443595 104.68230529340353 75.05437694083959 108.1387720821811 62.7453528157331  7
50.6451849601294 50.6451849601294 50.6451849601294 50.6451849601294 45.384711014508184 45.01043606438302 43.29052326205474 42.42450026382259 52.37271742344978 49.83222694886125 49.55268346664605 48.351560706473805  7
58.4610991574302 58.4610991574302 58.4610991574302 58.4610991574302 48.53057649999924 46.9626758324571 45.98619896546389 44.45985108027212 56.93036708890199 50.56520490448911 54.254892640614 49.11187284316094  7
54.66775702092074 54.66775702092074 54.66775702092074 54.66775702092074 48.56347342728269 47.00127912747403 47.24910358201295 45.69953213363654 82.837604868934 55.80343887880646 66.60277945545357 51.367235132344476  7
51.57345844528731 51.57345844528731 51.57345844528731 51.57345844528731 46.96429415020102 46.565695731199256 43.09016780462374 43.09016780462374 73.19224724091534 54.42005939976427 60.00946479430154 47.33854936608398  6
51.119918245429474 51.119918245429474 51.119918245429474 51.119918245429474 48.71878488311777 47.66658312292696 48.8299832070389 48.54142504907258 98.31179164603616 50.87765306819401 60.95844201196394 51.169637006456206  5
63.33647091930213 63.33647091930213 63.33647091930213 63.33647091930213 44.657835869123794 43.66276073497126 44.657835869123794 43.66276073497126 69.44766064835747 56.07078700556141 62.97898099876771 54.780281859963345  5
66.30250952345352 66.30250952345352 66.30250952345352 66.30250952345352 45.2735281635596 44.35627456572521 45.12946767309355 44.27669282807186 90.37313325189015 55.214176436612696 95.64699219515195 56.22566176068465  7
53.166453275352396 53.166453275352396 53.166453275352396 53.166453275352396 48.19852858413792 44.24310346717658 46.4926510515143 45.44613273404768 52.373949051854225 44.064459907567134 53.48202735712826 48.594847307583656  9
47.906236535803245 47.906236535803245 47.906236535803245 47.906236535803245 43.16295796310437 42.004313763817166 42.722354668042364 41.649502887304145 56.076168582556406 45.71737526792069 60.09383582867065 45.5444055626152  7
55.91070758956379 55.91070758956379 55.91070758956379 55.91070758956379 42.82154100781206 40.28617122902095 42.82154100781206 40.28617122902095 92.83332917370817 58.04127723209455 75.45707216377964 53.63171361191908  5
49.099411898555516 49.099411898555516 49.099411898555516 49.099411898555516 46.24965667540066 43.956489394276744 43.63533830361936 43.24173291023542 65.36640228783119 53.246659833748964 69.39078385675755 59.308078381763025  7
54.91129372555055 54.91129372555055 54.91129372555055 54.91129372555055 57.60148025717682 53.968388647995646 51.60960430222727 48.37130288140668 78.7540245256728 62.69058017955912 79.22657376976012 61.891690535677  7
56.452709293203775 56.452709293203775 56.452709293203775 56.452709293203775 55.92655910720835 53.60119411737583 50.84920684598157 50.100521415847936 76.31694651787326 60.366662298671045 79.07281862289078 58.242737747881705  7
58.21350274547742 58.21350274547742 58.21350274547742 58.21350274547742 51.38701212588424 48.465569713518185 48.342144436143094 47.58590639858163 57.121609952724896 48.07786155105011 51.678357871074766 46.250053516112985  11
48.765589204295516 48.765589204295516 48.765589204295516 48.765589204295516 50.76906283336403 48.54913376124009 87.35062373129489 57.97746123919366 74.02885289011225 52.22199792296965 68.54184881429012 46.43468240627071  11
51.31759894474771 51.31759894474771 51.31759894474771 51.31759894474771 51.297330322807674 50.4063752998664 50.918994765363955 48.1504398891013 61.06052468148569 53.8133253263638 59.26139353490658 52.85057837250384  7
57.86383616517988 57.86383616517988 57.86383616517988 57.86383616517988 50.32160092733714 46.50379622233678 53.177387412503236 46.593092513944846 51.56520633445363 48.718511631575645 51.24127861310908 48.718511631575645  5
61.87220054704843 61.87220054704843 61.87220054704843 61.87220054704843 48.22401857614969 44.60617087038449 57.636289611183095 46.09132697739064 60.08992958701209 49.54869022510726 55.10144457017208 49.54869022510726  5
52.02592011100417 52.02592011100417 52.02592011100417 52.02592011100417 55.321697514804775 51.880547424849425 65.91656313065906 58.72903199046442 100.85741282802074 51.580272317594115 96.99816583221654 80.62379055945429  9
42.2441021863858 42.2441021863858 42.2441021863858 42.2441021863858 40.389417632403045 39.96382018886149 40.389417632403045 39.96382018886149 69.5265826847521 46.26950397908427 56.17532341928831 45.27169451933228  5
50.548685356162444 50.548685356162444 50.548685356162444 50.548685356162444 44.67254727990574 43.89831336651402 43.03861008629115 41.99432678028668 71.2399270304118 58.784717326395906 56.847527585413886 46.201125742121114  7
47.19340482441229 47.19340482441229 47.19340482441229 47.19340482441229 42.22459855533438 41.252453338534366 42.22459855533438 41.252453338534366 47.19340482441229 47.19340482441229 47.19340482441229 47.19340482441229  5
60.1162600905063 60.1162600905063 60.1162600905063 60.1162600905063 50.557946800634014 49.82142825187484 50.557946800634014 49.82142825187484 71.57821850508175 61.64210717617304 61.46469651433871 55.01907517453749  5
52.61586007727471 52.61586007727471 52.61586007727471 52.61586007727471 49.09205133942529 48.226715158829194 48.92147721979388 47.17666474215459 67.64403993257564 54.77822429424389 55.899648117311905 49.497612876971914  7
55.64003373125091 55.64003373125091 55.64003373125091 55.64003373125091 48.5966367243787 44.99995416531753 43.4667062794374 42.33128715718441 60.38686657162225 48.609013354300224 61.63806579546265 44.89420746330842  7
51.06366657590852 51.06366657590852 51.06366657590852 51.06366657590852 43.46743538589997 42.66931233017601 41.572703267691445 40.73917847034108 60.778593864995464 54.545691862545425 59.259443091568876 56.523109406270954  7
50.18951504230804 50.18951504230804 50.18951504230804 50.18951504230804 46.143140151117414 44.36626252669361 68.29933834647404 53.2527407697965 60.393507146745755 53.7312367206792 71.87369447920341 53.64189333672714  5
58.05630530032293 58.05630530032293 58.05630530032293 58.05630530032293 50.82758849606507 47.14697851157262 46.05696246239847 44.82936585211741 65.56708278378984 52.39849046086566 93.04091805603925 58.713017499962525  7
58.99154135755746 58.99154135755746 58.99154135755746 58.99154135755746 46.51685735309608 46.44414673649221 45.77225757374202 45.39598872646755 70.90513119752694 48.59154386515405 66.11052110342739 55.80767177117916  7
46.628872907410106 46.628872907410106 46.628872907410106 46.628872907410106 47.11682356041362 44.593296207411605 54.5897801400001 48.87362838459022 49.296340773809874 42.790085107482014 47.69189405024718 42.38507963644687  11
59.23482636872451 59.23482636872451 59.23482636872451 59.23482636872451 39.77552517615615 37.723692479418084 39.64227197926034 37.723692479418084 75.07387105149733 56.7807264662387 90.0089565983458 76.12085468700175  5
58.049611224619404 58.049611224619404 58.049611224619404 58.049611224619404 52.34481408381718 50.447348835590496 63.19876473306313 52.589261992719806 65.95769006793645 52.08850501296162 88.8170743998045 59.36025456717429  5
75.96864226229211 75.96864226229211 75.96864226229211 75.96864226229211 40.914911471581526 40.5570894973638 40.914911471581526 40.5570894973638 128.7060274494658 65.33328406837117 108.49744999583159 54.22188379992939  5
49.21036298316597 49.21036298316597 49.21036298316597 49.21036298316597 51.77229254213057 48.256713121951634 47.700731914087754 45.87051555728374 145.5595717520697 65.07896645363715 124.05639224051282 67.0134729822057  7
50.14861104331742 50.14861104331742 50.14861104331742 50.14861104331742 50.30246444035468 47.54934081208833 51.7473930001021 46.07219903892535 59.16980803529919 50.053776020015434 50.79008710683371 50.053776020015434  7
52.63056113714939 52.63056113714939 52.63056113714939 52.63056113714939 45.574752213101924 45.574752213101924 45.574752213101924 45.574752213101924 111.24725451501509 65.07982223994591 76.93780373756192 61.38141603486736  4
45.41936964856548 45.41936964856548 45.41936964856548 45.41936964856548 47.64735959435543 43.9263705259096 45.942410531051685 43.155046798523045 76.1864337263191 46.73108645737981 76.48678768541954 46.42672106980044  7
49.70054976750248 49.70054976750248 49.70054976750248 49.70054976750248 42.33515839926046 41.24803502880443 42.106908752403214 41.24803502880443 101.69284450470023 54.70913547245532 112.34758774123281 58.622106801673375  5
48.21139194684785 48.21139194684785 48.21139194684785 48.21139194684785 44.242882712231236 42.521893611614175 44.242882712231236 42.521893611614175 51.423291823181884 46.195318499167044 51.23629081307146 44.7543012919042  5
63.350232039818934 63.350232039818934 63.350232039818934 63.350232039818934 51.943304834142715 48.21294139080872 50.13649824524085 46.783679334768884 67.07979360686073 52.99497174910767 91.61334685571664 61.05774973854314  7
59.83173526049596 59.83173526049596 59.83173526049596 59.83173526049596 52.937791683750156 51.99300757227992 51.23620576685045 49.61569197477171 82.60772976434181 56.95062698302141 63.299403214547596 51.23581806323162  7
48.618955377368 48.618955377368 48.618955377368 48.618955377368 43.69432110174832 40.22497785705839 39.48477553375928 38.19820953836336 52.47876748716074 47.188216448755846 48.33098788324377 46.71753694881985  7
59.088945417881945 59.088945417881945 59.088945417881945 59.088945417881945 50.07406985319724 49.39072250191531 48.19730638255063 47.984327920798414 84.88835135154267 59.002536441002576 77.73351744306012 59.04924701178509  7
71.670412285218 71.670412285218 71.670412285218 71.670412285218 52.17493048850692 48.83294603753289 47.062998008952974 45.01698583985501 108.32683260631248 60.041051134882416 76.49194165801552 52.435669973168714  7
46.61068426447805 46.61068426447805 46.61068426447805 46.61068426447805 45.92029980809319 44.21406425824561 44.55039444613233 41.65624333084311 46.61068426447805 44.93165700908411 44.060961208683615 42.15472645372186  7
57.993351344632984 57.993351344632984 57.993351344632984 57.993351344632984 50.062730397483 48.609130672234 49.866115338510234 48.609130672234 57.6487793817798 49.50573612756537 54.313040311228406 47.33225976352891  11
53.38252879947887 53.38252879947887 53.38252879947887 53.38252879947887 49.07031089416452 47.21764186899087 53.04180006339199 48.126511608517696 53.38252879947887 45.10077118777273 72.11304726776352 61.8328202505811  9
58.86367910720588 58.86367910720588 58.86367910720588 58.86367910720588 47.28039238092971 44.87403570450425 45.08570168823818 44.87403570450425 75.86218108178356 48.845531898980795 63.37192136323846 51.94371353945698  5
58.295760384605686 58.295760384605686 58.295760384605686 58.295760384605686 47.871956503009955 45.97043948561769 45.269200516852244 43.491415005750454 58.295760384605686 54.464977930741895 57.84410424316552 53.98782217980069  7
56.530621134737025 56.530621134737025 56.530621134737025 56.530621134737025 47.906146466488856 44.07687172512396 57.01444589776583 47.98472481390066 104.37482359550258 56.70186659672 74.45309820676572 59.29657283448792  5
50.70462795309525 50.70462795309525 50.70462795309525 50.70462795309525 48.80249095180686 47.70763728899127 48.43671098931869 47.70763728899127 50.70462795309525 47.87329074560592 50.70462795309525 47.87329074560592  5
56.58138268584217 56.58138268584217 56.58138268584217 56.58138268584217 45.9272824975253 42.07603835139295 55.70926046646471 43.06675734000388 78.64461546522169 54.20789229010854 61.0762096940288 50.92322159597448  5
54.65606595397752 54.65606595397752 54.65606595397752 54.65606595397752 59.24863623051021 52.67438598589194 56.67106470987769 52.32619067950435 54.65606595397752 51.3696454638677 53.66087928193307 51.3696454638677  9
47.7400480918091 47.7400480918091 47.7400480918091 47.7400480918091 47.35617398944925 46.177199806419765 48.34937801081894 44.245068100242385 47.7400480918091 45.19886519462811 47.7400480918091 45.19886519462811  7
63.802887982878474 63.802887982878474 63.802887982878474 63.802887982878474 47.232421574147224 47.232421574147224 47.232421574147224 47.232421574147224 108.0354992287091 59.32338672890034 119.52940645301125 76.69492295902543  4
49.731159243890936 49.731159243890936 49.731159243890936 49.731159243890936 54.57193495657296 52.28932500809743 47.55669738400031 45.11570572131881 58.5874332045458 45.34937535751223 79.64519433372092 60.77929078995727  7
50.13515092791233 50.13515092791233 50.13515092791233 50.13515092791233 48.53739453479428 48.16552387319983 44.209181795495226 42.79737875048688 86.28321274641647 59.40206742709514 80.96285304988692 59.29128870819941  7
59.86002496142082 59.86002496142082 59.86002496142082 59.86002496142082 56.48836154888068 55.009740229795696 53.970471738780525 51.28148587166201 76.19116387426419 62.06397759097342 75.22889669321357 61.6474856727085  7
49.27077978884874 49.27077978884874 49.27077978884874 49.27077978884874 45.30506835959443 40.6180045108444 44.916969420860674 40.6180045108444 63.48246670296794 45.38195086762907 122.94730315121528 53.783518198340616  5
50.83952231691875 50.83952231691875 50.83952231691875 50.83952231691875 46.2097545608338 45.331822054778925 45.307720607904585 44.13914297094426 102.6475510848399 67.51016708236412 104.0563906540305 75.48509453420016  7
54.71356813713716 54.71356813713716 54.71356813713716 54.71356813713716 47.928281797772286 45.197222871222664 46.29952647526121 43.218070095409104 79.58253718238085 52.07604740528188 62.89137899274156 53.93332827327075  7
54.49936690357544 54.49936690357544 54.49936690357544 54.49936690357544 52.37255698419201 49.08734913384403 54.30220868432858 50.6896784057741 54.49936690357544 51.11326193432544 54.438112678573326 51.11326193432544  5
43.81926333711429 43.81926333711429 43.81926333711429 43.81926333711429 44.92878443283529 43.78587143369366 43.079830766533036 42.803604623242 41.871253708817825 40.428911350342354 41.871253708817825 40.428911350342354  9
43.62681319181293 43.62681319181293 43.62681319181293 43.62681319181293 41.75146097815064 41.44201337517177 41.75146097815064 41.44201337517177 43.62681319181293 39.10474997854455 43.095577210573545 39.10474997854455  9
46.89975564924675 46.89975564924675 46.89975564924675 46.89975564924675 48.444213190561186 45.315123812279744 68.62569412804912 54.2198478491724 83.07147435778523 51.950859165612 66.10866114484547 47.977538225964004  5
53.62467690810601 53.62467690810601 53.62467690810601 53.62467690810601 48.62563550584831 47.71681203005387 47.89662930275452 47.71681203005387 108.76757134431365 63.205422864164916 78.03750411093674 58.40620076013868  5
51.746212394039816 51.746212394039816 51.746212394039816 51.746212394039816 43.8791262485547 43.8791262485547 43.8791262485547 43.8791262485547 78.33232950469211 63.18923203241973 56.73737433823874 55.502852178766965  4
50.69962482221575 50.69962482221575 50.69962482221575 50.69962482221575 49.77066992939919 46.835242150339425 48.61539190573719 43.093394434727756 60.11266067722997 50.64043070212139 52.65519024981756 50.64043070212139  7
49.70238481077343 49.70238481077343 49.70238481077343 49.70238481077343 50.82929417045105 49.61632045479731 47.7515944795743 46.286707933922415 54.32824892386557 49.70238481077343 50.68487008472043 48.801050546227046  7
56.02037824908707 56.02037824908707 56.02037824908707 56.02037824908707 50.911895415702446 49.26062667181254 48.818560742715505 48.818560742715505 65.0764104197736 51.75857287119018 62.850073333124335 50.34348442645606  6
61.309604005964715 61.309604005964715 61.309604005964715 61.309604005964715 50.74401699440422 48.86774337888609 49.31173188847035 47.889238501564634 59.330565881968425 53.511326258526964 55.81930110980801 51.78345345032523  7
55.832371909376256 55.832371909376256 55.832371909376256 55.832371909376256 52.00795808721888 47.87954531289743 48.18815741165061 45.02790479028709 55.832371909376256 51.85762749589451 55.832371909376256 51.85762749589451  7
51.37667691845445 51.37667691845445 51.37667691845445 51.37667691845445 45.08631479843491 44.456367259284136 42.70340031986974 41.12326220513797 75.0837578189931 51.07873325242652 62.06112115505487 49.98573474278441  7
54.07865528723542 54.07865528723542 54.07865528723542 54.07865528723542 45.02333396178759 43.69489614309119 45.02333396178759 43.69489614309119 92.07239857699997 56.8992670574553 64.30284320873504 50.18472946863507  5
48.93271208577287 48.93271208577287 48.93271208577287 48.93271208577287 43.967698277520334 42.88232820911046 40.73114865097245 40.69664722227406 48.93271208577287 43.95497995079399 48.82979028475456 43.95497995079399  7
56.57841484781003 56.57841484781003 56.57841484781003 56.57841484781003 42.860630130488794 42.26461808520033 42.860630130488794 42.26461808520033 67.04442088590447 50.69769799146569 52.56158271680203 48.61966438299585  5
66.3034309516872 66.3034309516872 66.3034309516872 66.3034309516872 49.187473424107885 45.965770084984335 47.45382010413274 44.37106098762107 78.75720522895149 53.04587217897476 65.53949672111965 54.80715735171337  7
44.405913980256955 44.405913980256955 44.405913980256955 44.405913980256955 48.88708526491479 46.50450221146187 46.659796830578564 45.03420766985322 44.405913980256955 44.079913214071794 44.405913980256955 44.079913214071794  9
49.07270007684761 49.07270007684761 49.07270007684761 49.07270007684761 56.02210990975165 48.93436349252196 57.27318145658513 54.50160155046688 55.58918225934545 51.034667000281225 65.78519242770376 53.74903010462628  5
55.35255289721658 55.35255289721658 55.35255289721658 55.35255289721658 54.2852885820439 52.67475187304344 51.827092424102304 45.820669547537314 81.33988569461785 51.83286438908016 69.98264539235278 67.75429252527786  7
54.295175848648704 54.295175848648704 54.295175848648704 54.295175848648704 49.37270175871145 47.779548495506624 48.03993755149137 47.779548495506624 54.295175848648704 54.295175848648704 53.02883981610953 53.02883981610953  5
50.29533323526218 50.29533323526218 50.29533323526218 50.29533323526218 42.27334335964593 39.69351400226866 41.249157809027345 39.69351400226866 49.88609535116138 46.55052377402032 45.45274549407464 43.34738216967129  5
53.58315204808603 53.58315204808603 53.58315204808603 53.58315204808603 55.14741321701433 50.19065724645151 58.301896934259716 51.65493066161093 61.2250500111651 51.133137463342486 56.71866124983611 50.47729171424977  5
54.88557957506313 54.88557957506313 54.88557957506313 54.88557957506313 49.582391402716766 45.16863213638943 47.19855910638746 45.16863213638943 71.48225685002282 55.21515416684349 59.777358602372594 49.69235400728841  5
57.060923351053404 57.060923351053404 57.060923351053404 57.060923351053404 47.30059876626202 46.53629125977868 47.30059876626202 46.53629125977868 57.060923351053404 52.6951614505874 55.85942731176365 50.42589073715606  5
55.15786130725627 55.15786130725627 55.15786130725627 55.15786130725627 53.3636092635327 48.96456665790387 53.3636092635327 48.96456665790387 55.35283398314123 52.724746221951314 54.68543237177426 52.07708319430776  5
53.499392998348114 53.499392998348114 53.499392998348114 53.499392998348114 46.269189963549685 45.13367444598402 45.590969203118036 44.51948141845202 89.91156149319976 59.21513503404579 59.32555587502093 52.2505093292858  7
61.587959934790476 61.587959934790476 61.587959934790476 61.587959934790476 47.215610595288275 45.98626742405505 46.92628441281218 45.55947749906111 85.29798960631076 60.17409739694752 73.60750305739731 58.44733658719457  7
57.70637224601344 57.70637224601344 57.70637224601344 57.70637224601344 46.29775514684444 44.92776000464404 46.29775514684444 44.92776000464404 57.70637224601344 50.929671010832365 59.25807509126477 50.69771736494225  5
48.2102503320595 48.2102503320595 48.2102503320595 48.2102503320595 44.67563761776043 41.056209322191364 39.27325517067408 38.118615374875134 65.04157825692148 48.8237240580261 57.09528266499894 45.59294869053615  7
161.9833598253991 80.30942462250592 65.06637768466629 53.693952003630294 51.96716469532431 50.08892310208602 49.633648932462876 48.40552133372461 167.23330071007865 75.77382247410576 61.17371405870814 53.19168393883366  7
152.88329380495063 66.5769616232867 81.92093958204768 50.85292255645177 40.61523025970134 39.69356175857522 40.61523025970134 39.69356175857522 173.72617362379077 87.78904029558828 82.00913647669775 70.36691210799304  5
175.43712195017736 82.71233351679493 80.10391243755704 61.13238820519885 48.289005663500795 45.666993521526464 46.13319406428622 45.62025311461899 181.90968751525625 85.88869357589586 77.6883457705779 56.272701165431286  7
138.46344411398147 71.55139918460117 74.9779175746333 57.91385968315228 48.015088233472405 44.20561231988965 43.59158000478721 41.946683060864096 144.25910945467658 67.33022028581566 89.16451067036246 52.876211761814055  7
144.21286391502483 83.15351591569048 73.98560163463007 50.960769324279504 48.468132861526996 44.94101064780539 46.8421223145337 43.86813123115776 169.1679123696695 65.83497878494524 77.2843743084802 57.4531563851698  7
163.54744106282376 68.17362795964318 60.335777340394245 55.196034003239646 56.295963224844094 54.59089766089241 72.50291513538082 60.005018843170404 163.0168881488595 65.18240406380644 87.72663870936758 60.34217639368278  5
71.62638205775168 81.69976284984754 63.36291158992617 52.84740167779981 51.811109313818726 50.824212287720606 49.314123682384746 161.0923994302713 85.90785852915309 81.12936375280108 58.76735144046649  7


138.79495451800796 70.48689291709279 57.76797886186908 51.316380540527966 44.84972465207291 43.54029846539356 44.50318619988086 42.970247961196996 155.58576887910732 60.162414165420124 62.42256291837235 51.811153097929626 
186.25982571901162 88.41029044206756 74.72934611759312 58.07168765689643 43.27946146787266 42.03381424412982 42.49234374156351 42.03381424412982 190.54030278568095 66.89056708075717 71.02420784332655 56.9016565619862 
161.05476767382916 59.68888733932685 64.16594590392293 50.16639160361313 44.34943247822321 43.351394746466724 44.34943247822321 43.351394746466724 144.5977831610654 73.87483535326152 70.56373026861213 51.71230668486573 
170.15599405104115 78.19228574692045 66.5413108865318 57.49052425697366 54.24821634028088 50.31929537543295 48.48992020533523 46.394399417042855 165.33274164379557 75.41957055479334 83.24603965100705 67.16851987821053 
161.5880927451964 83.16310322151166 75.56247279917564 58.90308439874012 47.58780030824963 46.47186302237882 49.184192866205464 43.778698737783316 187.8234456271828 98.34841760476725 60.05520403258188 56.63902513849535 
141.4033023812957 75.51224764281008 74.50467604117192 57.93467383953839 47.82197048377919 47.68911557034785 45.59388605359194 42.57229131864066 170.76110863009293 76.9469144492078 66.6828553187079 49.829844572840564 
130.7329761766832 66.91693351897953 80.64665735011549 56.97914437066609 47.185453804616664 44.13648591362814 46.29239805673632 44.13648591362814 148.94620624700835 60.00026140987488 67.63067991786349 51.76067380140436 
149.9947583773405 69.00630286559081 62.45520939767224 55.85425525762475 50.175988056732855 47.50006210620001 46.84782678824981 43.7095303728371 145.30439465231564 70.71440779809402 64.09297504237458 47.684673933738736 
165.19679808591337 70.97531523852798 77.19343718941961 55.156460436462496 42.456383397694886 41.27436395770706 42.456383397694886 41.27436395770706 150.41092070757466 75.3324145892986 75.46071096969519 58.08461960393375 
126.94352264271986 52.10349431389388 66.8705143791215 49.46508576928696 48.77785742023768 44.99917824113837 46.09581746030318 44.57265045753432 142.98302172307348 64.07460286674309 69.05545513805005 54.90760779127853 
142.58631551480562 73.78131032153757 72.55564794018422 49.991069200021656 47.58820494385439 46.279108600928005 45.58620740444507 43.10957826814903 163.46782816293737 61.854594159068725 72.22997109741628 60.56206023003141 
133.48710167396428 77.20258301505511 84.64924976801518 60.83410487290765 41.5024361521616 40.89183851000364 41.13817186052578 40.36120813947678 148.10631696524823 61.24489692849043 61.025895839339995 49.81956849331429 
127.13639612481288 58.50921770330499 69.69378619928578 52.556892865477955 47.24868556190594 45.709875037884515 44.914636717445525 41.969388180884174 122.37860419700813 57.23338122011212 59.40248457467896 51.12866571092071 
172.91443872213307 84.78830095430061 68.60482381541942 51.66497856447858 52.86615100066528 51.11383044930515 50.41657560485179 48.693378909188716 170.07400074415975 61.358868924987114 95.58153372167129 74.17275440622656 
157.81716431149886 72.36695592044143 75.31961077767215 57.315641087369315 49.27880325718251 47.57219536968441 59.33614345516276 55.87798048933952 175.41596024279065 85.28663772564977 59.31607270171705 54.14733023110615 
165.50057400658238 70.02550292638801 64.20125602748024 56.1693953822111 42.16199570895317 41.97282370364191 42.16199570895317 41.97282370364191 178.89457049678504 75.57776171766612 68.73039605865588 52.3212193362028 
129.134298949775 69.3752691049119 69.55172913791867 50.879092505542516 46.8142098645557 45.78636659897154 46.05791812377714 45.05224043274397 144.02369296735577 65.74664123177772 75.12627475170656 58.15011412105963 
140.05962660338864 80.86858339728221 80.44119207172382 57.69658901989761 53.401790890439784 51.35327417064066 62.32776437393093 51.19233830496866 124.10324151603729 66.92635489085949 82.62965171894636 58.07240601903146 
163.70309388556345 76.84308110540103 70.71403304370553 48.26412873943231 50.61275404188567 48.150080580009025 50.60121761968407 47.54308914667847 172.8089691527771 64.95131289094233 66.84133333780794 44.619333070093845 
164.38192566970383 65.8414625409409 90.3109257398661 63.51355934287903 49.53985550218581 46.75322738546226 45.302338423033156 42.83345216602219 160.20407437885504 68.94032579243402 79.99125752266433 52.78276495694525 
136.74136875876397 69.0561162897866 65.44985931997779 43.287900389659356 39.966297366882515 39.28092490217389 38.48613703594238 38.009044218497095 132.93313832719474 73.10516062154777 61.450973319700374 54.35708674821719 
148.12140898028986 76.05688683746439 65.18694106553984 48.95242143736277 54.40310746813026 51.1626028179267 60.44656106862895 55.42821667989687 178.85603722996913 65.77649926602867 77.63374621394316 50.50464896327538 
